filename	acq_time
eeg/sub-tr140272_ses-training_task-sleep_eeg.bdf	n/a
